table_name
ACCES1
AccesCFCONFIGCategories
AccesEmployesCategories
AccesMagasinsCategories
AccesMenusCategories
AccesWDETATsCategories
ACTIONS
ACTIVITE
ACTTIERS
ADRESSE
Affactureurs
AFFAIRE
AFF_BL
ALEAS_GT
APPELAFF
APPELDEV
APPELSAV
ART
ARTICLEM
ARTIDECO
AVANCEMENT
AVANCEMENT_A_PLANIFIER
AVANCEMENT_PLANIFIE
AVOIRFAC
BC
BESOIN
BL
BLAttente
BLFOURN
BLOCAGES
BORDEREAUTRANSPORT
BUDGET
BUDGET_HISTO
CALENDRI
CalendrierFournisseur
CALEN_EM
CALOUTIL
Categories
CC
CFANALYS
CFART
CFCODE
CFCONFIG
CFDEFTAB
CFGAMME
CFLIEN
CFMEM
CFNOM
CFPROCED
CFRAI1
CFRAIS
CFSAUVE
CFVARIABLE
CHARGE
CHARGEJ
CHARGES
CHARGETMP
CHARGRES
CLIENT
CODEACT
CODEPOST
CODEPOSTOLD
CODEPOSTSAV
CoefConversion
Colisage_ContenuCarton
Colisage_N1
Colisage_N2
COMMANDE
COMMENTS
COMPLEMS
COMPLEMS_DESCR
Connect
CONTACT
CONTROLE
CritereFamille
DA
DEFAUT
DefautCritere
DefautCritereFamille
DEPEND
DESIGN
DETAILAO
DETAILBC
DEVI5
DEVI5SUP
DEVI6
DEVI6SUP
DEVI7
DEVI8
DEVI8SUP
DIMENSIO
DIMNOMEN
DocumentsACTIONS
DocumentsAFFAIRE
DocumentsAPPELAFF
DocumentsAPPELDEV
DocumentsART
DocumentsARTICLEM
DocumentsAutres
DocumentsBC
DocumentsCLIENT
DocumentsCOMMANDE
DocumentsCONTROLE
DocumentsDETAILAO
DocumentsDETAILBC
DocumentsEmploye
DocumentsENDEVIS
DocumentsENGAM
DocumentsENGAPI
DocumentsFNC
DocumentsFOURNISS
DocumentsGADEVIS
DocumentsGAMME
DocumentsGAPIECE
DocumentsIDDEVIS
DocumentsLOTIE
DocumentsNOMENAF
DocumentsNOMENDV
DocumentsNOMENPC
DocumentsOFFRE
DocumentsOUTILLAG
DocumentsPROJET
DocumentsPROSPECT
DocumentsPV
DocumentsTARIF
DvDecDetMat
DvDecEntête
DvDecGamDet
DvDecGamme
DvDecPN
DvDecQté
ECHEANC
ECHEANCFOUR
Empevolution
EMPLCF
EMPLOYE
ENDEVIS
ENFACFO
ENFACT
ENGAM
ENGAPI
ENSERIE
ENTETEAO
Erreurs
EXOCLI
FABTIERS
FACFO
FACT
FAMILLE
FAMNUANCE
FBTEMPO
FILE_D_ATTENTE
FNC
FNCCause
FNCCAUSEDESCRIPTION
FNCCorrection
FNCCORRECTIONDESCRIPTION
FNCDEFAUT
FNCDescription
FNCENTETE
FOURNISS
FournisseursImposes
FournisseursQualifies
GADEVIS
GAM1SUP
GAMAUTOC
GAMM1
GAMME
GAMOUTIL
GanttSimulation
GAPIECE
Gisements
HATEMPO
HISTOAFF
HISTOAPP
HISTOAQ
HISTOBC
HISTOBLOCAGES
HistoCo
HISTOEMP
HISTOEMPLCF
HISTOFIC
HISTOIND
HISTOMOD
HISTONOR
HistoPARAM
HISTOPDP
HISTOPIC
HISTOPREVCLIENT
HistoriqueCalcul
HistoriqueJourOrdo
HistoriqueOrdo
HistoriquePrixARTICLEM
HistoriqueQteRESERVE
HistoriqueReservations
HistoriqueRESERVE
HistoriqueRessource
HistoriqueRéservationFab
HISTO_COMPLEMs
IDDEVIS
INTERLO
INTERSAV
INTERVEN
LIENSUIV
ListeCriteres
ListeMotsCle
ListeUnite
Logs
LOTIE
LPV
Magasins
Menus
MESSAGES
Monitoring
Monnaies
MOTCLE
MOUVOUT
MULTISIT
NOMENAF
NOMENDV
NOMENPC
NOMETARI
NORMCONS
NORMDIFU
NORME
OBSDEVIS
OFFRE
OperationFigee
OUTILINT
OUTILLAG
PARAM
param_Format_decoupe
PaysMonde
PDP
PDPCALCUL
PDPGenerer
PDPNET
PDPRECALAGE
PDPRESEBC
PDPRESEFAB
PDPRESERVE
PDPRESULTAT
PIC
POINT
POINTAGE
POTSEM
PRESENCE
PREVCLIENT
PROGRAM
PROG_HISTO
PROJET
PROSPECT
PV
QUALIFICATIONTIERS
RAPPEL
RECBL
REGLCLI
REGLEM
RELANCES
RelancesDETAILBC
RESEBC
RESEFAB
RESERVE
RIB
SA
SAV
SAV_CONTRAT
SAV_DocumentsContrat
SAV_DocumentsEquipement
SAV_DocumentsFiche
SAV_DocumentsIntervention
SAV_EQUIPEMENT
SAV_EQUIPEMENTS_CONTRAT
SAV_FICHE
SAV_HISTO_CONTRATS
SAV_HISTO_EQUIPEMENT
SAV_INTERVENANTS_INTERVENTIONS
SAV_INTERVENTIONS
SAV_MAINT_EQUIPEMENT
SAV_MAINT_EQUIPEMENTCONTRAT
SAV_PIECES_DIRECT
SAV_PIECES_ECHANGE
SAV_PIECES_PREVUES
Sections
SERIE
SERVICE
SORTISAV
STOCK
SUBSTIT
SUIVEUSE
SynchroLiens
TARIF
TARIFCLI
TEXAFF
TEXBC
TEXBL
TEXBL2
TFACCL
TFACFO
TRADUCT
TRADUCTUNICODE
TRANSIT
TRANSPORTEUR_TARIF
TRANSPORTEUR_ZONE
TTCENFACFO
TVAENFACFO
TYPACT
TYPESYSTEME
Unite
ValeurCritere
WDETAT
WF_ACCES
WF_ATTENTE
WF_BLOCAGE
WF_COMPLEMENT
WF_DIFFUSION
WF_ETAT
WF_EVENEMENT
WF_FAMILLE
WF_HISTORIQUE
WF_INDICATEUR
WF_MODIF_ETAT
WF_ORIGINE
WF_PARAMETRE
WF_RELEVE
WF_TFILS
WF_TYPE
